1 3.28844 11.4663 5
2 5.47398 16.9716 5
3 23.3673 12.9854 3
4 0.864303 13.2425 3
5 0.192455 1.67106 5
6 17.1693 23.2609 3
7 13.1732 16.348 1
8 17.5298 19.055 1
9 1.18661 8.20586 3
10 18.9103 9.13347 5
11 24.5638 18.8339 5
12 1.81715 22.1177 5
13 10.9103 11.9433 3
14 6.87267 4.16268 1
15 22.4414 1.51411 3
16 12.6131 7.97582 5
17 12.3494 2.26832 3
18 1.84373 9.60355 5
19 22.8454 11.6111 1
20 1.2521 19.2551 1
21 3.13413 17.2114 1
22 15.7386 18.1353 1
23 22.2143 7.65805 5
24 12.8318 21.1495 1
25 21.0378 10.3849 3
26 11.6979 4.45819 3
27 14.2914 0.826344 1
28 12.462 18.7073 5
29 22.2684 21.051 5
30 5.31879 3.26068 5
31 6.8647 10.3573 5
32 17.7455 5.99777 1
33 7.93849 16.3015 5
34 17.0337 9.69313 1
35 3.68833 21.1394 1
36 23.8852 3.70379 3
37 10.2192 14.1225 5
38 12.2129 24.0274 3
39 4.99393 15.7317 3
40 16.2813 20.0768 1
41 11.9108 5.08126 5
42 22.5418 3.55053 1
43 10.2578 22.1412 5
44 4.05496 9.13348 1
45 3.37773 11.3827 1
46 11.3075 23.2919 5
47 5.38121 22.723 1
48 21.5215 12.6489 3
49 20.439 11.5561 5
50 15.8185 20.6174 3
51 17.5552 23.8604 5
52 7.2329 12.8609 5
53 10.3507 21.9141 3
54 18.2437 17.8911 1
55 17.6634 0.47731 1
56 13.1247 1.62985 3
57 12.2236 17.0512 5
58 22.9158 22.2505 1
59 3.47988 24.7341 3
60 11.1506 12.8665 3
61 10.9931 20.1662 3
62 5.28797 3.84011 5
63 15.4088 0.021975 5
64 18.1834 10.4431 1
65 17.014 20.9105 1
66 20.7177 2.04344 3
67 15.7393 5.33867 3
68 9.72058 23.6886 5
69 6.73037 7.10088 3
70 19.5966 7.0539 3
71 0.282906 24.5809 5
72 20.4932 9.95359 1
73 4.42201 3.94328 5
74 6.42922 2.54093 1
75 15.8679 19.8692 3
76 18.8235 15.8357 5
77 14.9554 7.96945 1
78 2.93592 13.1531 1
79 14.6997 17.5747 1
80 4.04219 21.5056 5
81 13.9209 7.90018 1
82 13.2137 14.703 5
83 10.7712 9.25566 1
84 11.1716 9.69578 3
85 1.95658 6.34806 1
86 16.9059 18.2152 5
87 23.6188 23.5041 3
88 11.5109 16.5339 5
89 15.141 3.75985 5
90 8.59544 13.0702 3
91 0.373764 16.0745 1
92 22.9462 24.2522 1
93 21.0994 11.3938 5
94 0.552092 17.6737 3
95 10.916 18.7928 5
96 17.392 18.8466 3
97 0.106348 1.99792 5
98 22.5825 18.667 1
99 0.158542 12.962 1
100 13.6006 5.39565 5
