13912818676
13912240671
13933544264
13942724820
13936675850
13923094654
13923078767
13932924489
13936645219
13966258818
13998952836
13915275746
13919509288
13916556895
13938125728
13900268373
13997557750
13906854846
13988501071
13993202247
13933346830
13947450554
13945039028
13918638997
13908664555
13981923694
13963093650
13938419582
13955374347
13944323068
13940523390
13972415635
13985278385
13992265617
13908656793
13982812388
13901803739
13963845723
13983604622
13931015979
13937265122
13995027447
13989652994
13940556541
13969211850
13968613442
13959720176
13961150441
13997304005
13934266273
13962700446
13957981671
13971302143
13952925490
13997838272
13998402674
13982168195
13990950600
13935813868
13995977486
13914532776
13983641379
13956265923
13977417007
13934154123
13929791849
13948035098
13997179718
13943096718
13953965507
13958239420
13904334552
13970057815
13964986036
13926530315
13966812696
13959749177
13913077369
13916492858
13928506639
13960195444
13961598956
13996211309
13942730270
13921082511
13941371649
13982695211
13979295905
13993484796
13901642181
13982354501
13972201705
13970676135
13957990211
13946191937
13916003612
13921439232
13977570818
13992718930
13966532308
13928370401
13925686562
13900438916
13912143132
13991103343
13911324904
13928494903
13947165272
13956151460
13989212700
13950516802
13989312586
13964834769
13974129736
13927222156
13986405886
13971428681
13955823924
13997059167
13953415566
13968324781
13928046212
13989533890
13902526685
13978509499
13945197285
13900895367
13908588391
13978852229
13955790592
13963303800
13926548158
13918309610
13964009551
13964246123
13976710684
13936558232
13944278017
13907322857
13951200936
13948744446
13939155204
13904815545
13989838733
13948165198
13933563360
13935429088
13917411826
13921840289
13906546517
13925419379
13936903803
13982606079
13982031679
13972482560
13911056681
13987271181
13922436451
13995179539
13955078715
13983977851
13973611288
13996657667
13931816247
13939205917
13980501944
13947931499
13985370662
13971800563
13937980247
13949921863
13935712457
13962549652
13987782478
13947776373
13986103814
13915113331
13919242615
13922789424
13918186600
13990306848
13923583041
13928301469
13953595950
13987975359
13997448344
13973198246
13943233944
13964007964
13996219528
13954820289
13956873545
13918094743
13985363345
13902959293
13915736716
13944477824
13914807633
13971061005
13994840861
13997912546
13914243526
13996790672
13916343360
13995168146
13905128396
13954054145
13930460019
13954843817
13967476389
13947775870
13941620981
13908037971
13958112679
13912775250
13919580629
13998419412
13927159515
13995169190
13975251134
13989433979
13942846345
13919068810
13942265729
13943151527
13938451940
13928502156
13992132037
13993101465
13973734125
13904411344
13993438149
13960460852
13922014002
13902820468
13902065632
13968911502
13988387511
13901984016
13934337989
13944960905
13911227557
13900117291
13985059791
13915591363
13931204660
13930295802
13911988756
13963842059
13962919642
13906887311
13900206806
13920015640
13959204323
13936685192
13910734272
13917459300
13953502866
13907923785
13970371898
13994348174
13996173058
13931123150
13910912268
13901572948
13988481689
13917011936
13942655657
13944040160
13913116694
13949510804
13941243756
13939350369
13982910720
13904489563
13982665477
13905387606
13910293351
13970157252
13955037462
13913051504
13941474993
13946440772
13977694863
13932921669
13978143353
13931878446
13941568411
13953158778
13901490572
13992361696
13952456408
13956175373
13927589782
13991145577
13901853371
13960408666
13949712152
13975544949
13998170408
13907228883
13992789784
13904155739
13925417515
13939976976
13904751646
13992291649
13970267273
13956135458
13983962937
13922441699
13966855828
13982193124
13997544874
13997239858
13960462976
13983520524
13961101053
13986200474
13971375471
13963538559
13996312182
13985004365
13955690709
13987306868
13964667672
13972026924
13938543683
13955833725
13974827438
13993251201
13927772594
13988197824
13904589101
13969285789
13976562407
13940057984
13937161492
13966273252
13999501656
13959825789
13930039313
13935341070
13968937572
13929530693
13999894717
13958454185
13953079723
13981190021
13908544402
13934086068
13998502720
13960821979
13973403036
13930878009
13920060568
13949102412
13926559829
13993785395
13992197567
13937861200
13924739814
13995818823
13968585887
13977182302
13997097535
13976717430
13978666069
13940820573
13989662245
13994355258
13956461095
13911092171
13965775084
13987758467
13964973050
13960044849
13968071713
13983672815
13946462957
13929377940
13940961833
13917731597
13986188667
13932280577
13962909293
13960007065
13932955500
13953428435
13947073281
13976222467
13954101568
13904143194
13966968849
13940502708
13958151839
13925392741
13969780221
13934876759
13972792665
13964195729
13930432877
13912353908
13957741224
13916397899
13920652462
13963987728
13906260103
13995176388
13959633657
13965966519
13912007590
13975514539
13988293916
13969919398
13935263267
13996477325
13996177821
13996640628
13969178745
13907117092
13935082692
13902478200
13907140858
13915940315
13987867629
13920013837
13996452477
13935895620
13926843262
13917490889
13983899487
13938755503
13966899246
13908844997
13955080635
13927351260
13947413793
13927195019
13995252847
13923162239
13928261144
13962347233
13943449207
13945808811
13980633698
13992068258
13946415815
13951181467
13936337675
13929489831
13935844356
13983309291
13910134029
13984537050
13934056695
13911338709
13931032483
13974246766
13913236894
13966946916
13936223749
13924182145
13970710724
13907420536
13952932998
13947669959
13930633654
13970129110
13995061921
13987142035
13955468378
13933311567
13973075059
13954046017
13914117554
13946466558
13967888838
13997731073
13933262010
13961182990
13907150558
13970024279
13938387134
13930139946
13964078510
13989255631
13939340798
13919507336
13991458743
13952184572
13977841351
13937264983
13907573590
13980449132
13922900818
13921551373
13966814711
13921711528
13973422040
13935065715
13947045438
13956738976
13900773900
13920015751
13913503009
13963959369
13944688932
13905927222
13957052055
13938537984
13994354701
13969303492
13934220197
13929151489
13944834941
13957790649
13940830411
13933572966
13932706282
13976728305
13972656278
13945711799
13927798598
13975029233
13919335701
13992757094
13951554301
13997180193
13989377347
13947902044
13909877006
13989201695
13922737637
13918954452
13931633775
13932051982
13990765891
13923269961
13970204822
13952291621
13924835685
13991078099
13902908534
13906575034
13902654847
13904006749
13920948410
13923303079
13980977977
13952761349
13965911776
13937972929
13964074822
13988653602
13971690722
13975239186
13990923951
13959987659
13962612485
13998878304
13908265186
13968220262
13935097829
13949325259
13965996247
13980894646
13995200350
13986747743
13987783549
13941438579
13955483613
13906611192
13946925055
13987014063
13918672426
13983565732
13964531706
13930225469
13909013484
13941158360
13994471084
13998506972
13977339800
13917163356
13976733742
13938603740
13918509671
13930695372
13961865536
13934148847
13943969859
13996344979
13985745358
13911770353
13989503616
13938642077
13965121852
13916868536
13939422944
13934024143
13963990972
13988443428
13931718179
13996470494
13998508765
13958549468
13916134723
13928942544
13953879396
13963163308
13961078004
13941140661
13978620599
13966035990
13979762854
13925411675
13957658129
13951472395
13956043679
13900584563
13980188079
13936822316
13975187513
13991709655
13922942518
13937009949
13955776657
13911531341
13942150320
13980303340
13918989608
13986329017
13977741124
13950713870
13942275126
13997221508
13929674957
13919061777
13929727053
13994696320
13937170209
13906773713
13996777750
13984638320
13901716641
13910004818
13989352454
13916853993
13982988883
13909555998
13922802977
13901491099
13916762583
13935234795
13967696240
13932694092
13900699403
13999006587
13925493691
13944347018
13926249137
13987325715
13958967497
13956283510
13951078269
13990792369
13986824434
13949556275
13940425706
13961646189
13906657006
13931300856
13918835305
13964726500
13959644045
13955774583
13928080160
13932027615
13933604963
13965746412
13996399397
13952979358
13913570506
13970848487
13953774179
13919344400
13986941707
13932720353
13953141288
13904969155
13922099579
13941462770
13954025734
13938442233
13981142869
13983748406
13998672778
13958596109
13931144595
13971570030
13992829976
13983792626
13915204092
13936661626
13931494891
13915745234
13929262711
13937736425
13965862066
13947134801
13970611321
13970703079
13950260195
13967100164
13926305804
13969342309
13966684316
13907342073
13969757638
13945636581
13945052008
13910439079
13953869794
13983907298
13942968398
13917836741
13959410921
13969540786
13955452131
13902414852
13947415115
13914177811
13901994119
13961170729
13907168869
13950603538
13918313700
13904789405
13913662139
13949257503
13926123845
13964512833
13987432405
13999042677
13904643155
13903581394
13908211870
13942556959
13912227928
13912343772
13992164961
13954026500
13965835615
13944835034
13924059454
13996439590
13927975716
13973185564
13924080980
13985963558
13937207411
13940519854
13966983696
13931777261
13994370805
13922352769
13915068610
13971749928
13971203889
13984521850
13911656768
13970275660
13976526864
13941142202
13943910883
13921348118
13925105129
13993928072
13937267665
13900126979
13961977234
13944390077
13971223153
13909486989
13960068305
13951731096
13984561529
13994765272
13957403558
13902159997
13950490014
13978872316
13961628154
13977035781
13982080151
13946708187
13996359127
13931613013
13980592382
13914958542
13967443459
13972172450
13989581378
13936386084
13990313296
13985374297
13972681731
13924722792
13989308139
13945801406
13961920056
13976998041
13957913445
13951254357
13906246279
13978024556
13962066956
13974794180
13994484233
13986508429
13951946802
13997787354
13940879317
13934202376
13946737819
13919198659
13971258749
13984921810
13938897556
13989026593
13943095242
13986078411
13953427817
13900438978
13935398478
13991522499
13984329978
13944546971
13949019944
13960809802
13945884865
13971356957
13904209430
13918685976
13962853155
13976082945
13900898127
13958338994
13928238132
13932987760
13955589733
13953158470
13908798736
13954088802
13939549146
13968332019
13900137616
13959228413
13932440522
13901741743
13988246143
13919566313
13935020359
13975946596
13974388076
13900864979
13929895464
13940788257
13918748125
13982939644
13936948595
13991327339
13957355510
13999080702
13974540904
13934357166
13930701015
13923251704
13934460175
13991523582
13959052584
13968293847
13920947195
13902672278
13980832249
13968545363
13910408401
13959154706
13986171994
13956466392
13906588609
13942606198
13968379343
13980175494
13917506756
13913607152
13997404797
13922840629
13987969085
13972238057
13989238753
13942132128
13957710654
13954477560
13979681001
13929075424
13931544214
13931366423
13956822863
13917760384
13985405507
13956846131
13915334677
13948986885
13961604557
13948977277
13933217570
13948581236
13987919469
13929230705
13961446703
13921028403
13975251874
13987897210
13970175274
13971416172
13958348727
13941380152
13965341656
13911279225
13948376265
13972944191
13918163295
13946038265
13913061041
13933227140
13970461215
13978317755
13978684326
13985360994
13969426477
13963011237
13950004462
13984637034
13942888084
13971902860
13935264114
13953809807
13995521395
13906168304
13911265186
13954899835
13951369663
13920274033
13983346185
13953952227
13976141860
13989986614
13904527309
13944333864
13927206232
13922810990
13991505090
13994044807
13978832196
13972757829
13992400317
13925075564
13908527448
13922983005
13921576770
13973393743
13929224517
13964636035
13910379434
13953324427
13979111246
13900976662
13917864169
13907157557
13945521351
13907076909
13972868675
13942898878
13915887047
13944591802
13913983500
13911052048
13950701432
13978906687
13950650607
13945519827
13938265397
13977309552
13994723155
13998157262
13920847877
13964850338
13946751938
