1 1 15
1 2 86
1 3 14
1 4 3
1 5 54
1 6 19
1 7 64
1 8 38
1 9 42
1 10 12
2 1 86
2 2 52
2 3 8
2 4 3
2 5 28
2 6 72
2 7 17
2 8 60
2 9 92
2 10 67
3 1 52
3 2 82
3 3 49
3 4 88
3 5 81
3 6 15
3 7 8
3 8 1
3 9 30
3 10 96
4 1 73
4 2 64
4 3 43
4 4 50
4 5 88
4 6 33
4 7 14
4 8 50
4 9 36
4 10 64
5 1 54
5 2 57
5 3 12
5 4 24
5 5 70
5 6 49
5 7 76
5 8 99
5 9 29
5 10 8
6 1 11
6 2 69
6 3 8
6 4 62
6 5 61
6 6 46
6 7 57
6 8 17
6 9 66
6 10 25
7 1 46
7 2 39
7 3 69
7 4 61
7 5 80
7 6 9
7 7 53
7 8 72
7 9 19
7 10 50
8 1 100
8 2 46
8 3 10
8 4 43
8 5 75
8 6 85
8 7 38
8 8 51
8 9 4
8 10 40
9 1 29
9 2 95
9 3 4
9 4 40
9 5 42
9 6 64
9 7 41
9 8 53
9 9 98
9 10 55
10 1 19
10 2 97
10 3 61
10 4 22
10 5 43
10 6 75
10 7 58
10 8 72
10 9 52
10 10 35
11 1 70
11 2 68
11 3 70
11 4 30
11 5 59
11 6 54
11 7 47
11 8 98
11 9 9
11 10 83
12 1 84
12 2 31
12 3 54
12 4 4
12 5 35
12 6 61
12 7 100
12 8 8
12 9 44
12 10 96
13 1 97
13 2 64
13 3 25
13 4 75
13 5 36
13 6 40
13 7 52
13 8 16
13 9 77
13 10 22
14 1 60
14 2 41
14 3 66
14 4 7
14 5 29
14 6 62
14 7 76
14 8 28
14 9 74
14 10 85
15 1 38
15 2 36
15 3 77
15 4 51
15 5 63
15 6 27
15 7 43
15 8 26
15 9 54
15 10 43
16 1 72
16 2 28
16 3 81
16 4 70
16 5 11
16 6 41
16 7 38
16 8 29
16 9 66
16 10 90
17 1 75
17 2 72
17 3 70
17 4 3
17 5 44
17 6 66
17 7 90
17 8 13
17 9 28
17 10 32
18 1 72
18 2 68
18 3 12
18 4 93
18 5 57
18 6 6
18 7 74
18 8 9
18 9 30
18 10 24
19 1 99
19 2 46
19 3 15
19 4 43
19 5 64
19 6 9
19 7 42
19 8 44
19 9 36
19 10 37
20 1 88
20 2 91
20 3 23
20 4 61
20 5 69
20 6 44
20 7 30
20 8 59
20 9 51
20 10 59
21 1 32
21 2 47
21 3 1
21 4 25
21 5 80
21 6 62
21 7 97
21 8 94
21 9 56
21 10 14
22 1 32
22 2 30
22 3 73
22 4 26
22 5 7
22 6 33
22 7 31
22 8 45
22 9 84
22 10 33
23 1 11
23 2 34
23 3 65
23 4 67
23 5 63
23 6 21
23 7 18
23 8 39
23 9 68
23 10 43
24 1 97
24 2 40
24 3 41
24 4 85
24 5 3
24 6 67
24 7 57
24 8 65
24 9 10
24 10 7
25 1 49
25 2 53
25 3 71
25 4 46
25 5 20
25 6 91
25 7 11
25 8 86
25 9 63
25 10 13
26 1 84
26 2 55
26 3 41
26 4 15
26 5 44
26 6 64
26 7 16
26 8 48
26 9 98
26 10 13
27 1 94
27 2 96
27 3 39
27 4 72
27 5 84
27 6 93
27 7 25
27 8 79
27 9 9
27 10 51
28 1 11
28 2 83
28 3 74
28 4 44
28 5 30
28 6 69
28 7 27
28 8 19
28 9 89
28 10 100
29 1 36
29 2 25
29 3 87
29 4 89
29 5 29
29 6 25
29 7 17
29 8 97
29 9 53
29 10 41
30 1 55
30 2 47
30 3 11
30 4 82
30 5 28
30 6 83
30 7 89
30 8 52
30 9 52
30 10 5
31 1 77
31 2 16
31 3 87
31 4 23
31 5 84
31 6 38
31 7 71
31 8 32
31 9 94
31 10 38
32 1 49
32 2 53
32 3 19
32 4 98
32 5 86
32 6 7
32 7 66
32 8 22
32 9 86
32 10 18
33 1 80
33 2 44
33 3 86
33 4 22
33 5 99
33 6 70
33 7 4
33 8 75
33 9 86
33 10 56
34 1 90
34 2 48
34 3 48
34 4 22
34 5 15
34 6 100
34 7 15
34 8 63
34 9 19
34 10 88
35 1 25
35 2 95
35 3 61
35 4 53
35 5 45
35 6 45
35 7 66
35 8 35
35 9 40
35 10 94
36 1 76
36 2 55
36 3 100
36 4 6
36 5 62
36 6 86
36 7 73
36 8 44
36 9 71
36 10 89
37 1 6
37 2 18
37 3 59
37 4 6
37 5 82
37 6 36
37 7 61
37 8 31
37 9 24
37 10 36
38 1 30
38 2 43
38 3 21
38 4 32
38 5 83
38 6 78
38 7 88
38 8 61
38 9 100
38 10 42
39 1 80
39 2 3
39 3 48
39 4 37
39 5 67
39 6 42
39 7 84
39 8 94
39 9 11
39 10 44
40 1 99
40 2 53
40 3 89
40 4 96
40 5 53
40 6 2
40 7 19
40 8 33
40 9 94
40 10 94
